trade_date|10day_ret
20191223|0.040886127238356364
20191220|0.03179093015482943
20191219|0.031061995587697847
20191218|0.015820218030101505
20191217|0.009855461413772306
20191216|0.00864727241794595
20191213|0.014557354175653134
20191212|0.025659799288835085
20191211|0.023114193451118925
20191210|0.017103929989667886
20191209|0.03126878796034381
20191206|0.031971266394428065
20191205|0.03954741238756724
20191204|0.04986743532618024
20191203|0.03543391498811259
20191202|0.03445259925492807
20191129|0.01628596620456195
20191128|0.010472068361080656
20191127|0.006390128275264336
20191126|0.0009747785086611446
20191125|0.006234635131949289
20191122|0.00762832199149987
20191121|-0.010227020890076557
20191120|-0.014528857336671365
20191119|-0.028117354395669585
20191118|-0.020281458023381212
20191115|-0.0038137631705764613
20191114|-0.007741809287948889
20191113|-0.0021354460271157502
20191112|-0.00652785129798257
20191111|-0.013575145934067907
20191108|-0.020994833968103803
20191107|-0.021045449094609658
20191106|-0.009496492944733915
20191105|-0.023704256167063398
20191104|-0.025397011494067968
20191101|-0.011772682595470442
20191031|0.0034037675520270957
20191030|0.0032029241173506624
20191029|-0.0018535245788862064
20191028|0.011823429264870053
20191025|0.024400222716514743
20191024|0.029507518056703288
20191023|0.034028704305315155
20191022|0.02110965455848505
20191021|0.018436061184488966
20191018|0.004490179389828034
20191017|-0.008660937767182327
20191016|-0.003176242479195434
20191015|-0.002455331976136274
20191014|-0.014279118974048944
20191011|-0.010496007989109024
20191010|-0.0009173241451054848
20191009|0.01369722186430658
20191008|0.011246563059428383
20190930|0.014379104603290074
20190927|0.018835901511410215
20190926|0.02122979778809338
20190925|0.016860339659916374
20190924|0.013372029325859323
20190923|0.005413912122298211
20190920|-0.015502390443095978
20190919|-0.020676655278972243
20190918|-0.018517404115927314
20190917|-0.019709136012019634
20190916|-0.026546123048665878
20190912|-0.0330384060195249
20190911|-0.015041907713338262
20190910|-0.014696970270997218
20190909|-0.02071177164042712
20190906|-0.003256015089245777
20190905|-0.0002396490683695715
20190904|0.006197244612276492
20190903|0.00975973026439155
20190902|0.028426847477696585
20190830|0.04547695100385007
20190829|0.03691459315183602
20190828|0.04120371397936616
20190827|0.04087102727864182
20190826|0.0484868134810958
20190823|0.027339158229089396
20190822|0.024382483528891673
20190821|0.01899981487445294
20190820|0.01599569177590274
20190819|0.002239907176149083
20190816|0.021465374325980693
20190815|0.02939463518224668
20190814|0.036537134801840655
20190813|0.02732291045915145
20190812|0.03291582960601256
20190809|0.044027851045991266
20190808|0.030650122955546564
20190807|0.045921460328803676
20190806|0.04256097406370472
20190805|0.00948127158983331
20190802|-0.014259689266632024
20190801|-0.03183091206149838
20190731|-0.04422204138444522
20190730|-0.044237428990323686
20190729|-0.05727174720279097
20190726|-0.049053213720071556
20190725|-0.05962906638979095
20190724|-0.04803969807576641
20190723|-0.03013923668706426
20190722|-0.00905557081037355
20190719|-0.0011779813265130619
20190718|0.017768009298583663
20190717|0.01726292832454197
20190716|0.012457954354799123
20190715|0.008990405753608611
20190712|0.011115355452633539
20190711|0.009143851838505593
20190710|0.000838320253917706
20190709|-0.003017692751186445
20190708|0.0013583186048916453
20190705|-0.03205602585532092
20190704|-0.01767665859759597
20190703|-0.022264913513920376
20190702|-0.02869607505555195
20190701|-0.03228825790340169
20190628|-0.010551660917527652
20190627|-0.01253728600153351
20190626|-0.0003166039019790772
20190625|0.000389313178315489
20190624|0.013520698996651079
20190621|0.010214979202977866
20190620|0.016981974462548517
20190619|0.05953570647476615
20190618|0.07312459024841322
20190617|0.04672248584939018
20190614|0.049232069157730755
20190613|0.029559314605580887
20190612|0.029859453386700364
20190611|0.03279939517259254
20190610|0.06181408344292519
20190606|0.07401524479996488
20190605|0.03303576070200893
20190604|0.019217046505308633
20190603|0.006280842575247505
20190531|0.006912412243873217
20190530|0.012141657356277568
20190529|0.007420135161653782
20190528|0.012802849906753682
20190527|-0.007273072993487162
20190524|-0.008134891601048116
20190523|0.003666442464303422
20190522|-0.013951138434598585
20190521|-0.009480671331945367
20190520|0.003316083034504715
20190517|-0.002076759811803529
20190516|-0.021382286445901445
20190515|-0.014711682884805384
20190514|-0.002181857905831736
20190513|-0.02039171368912719
20190510|-0.03926782263582971
20190509|0.013801010811984085
20190508|-0.00018574176212653209
20190507|-0.02764987065227318
20190506|-0.009731242608457837
20190430|-0.04325028729603386
20190429|-0.04441712028808618
20190426|-0.06276864262715516
20190425|-0.06928037736921251
20190424|-0.07435007571917701
20190423|-0.10433059145256658
20190422|-0.08896873267110846
20190419|-0.09705835144028989
20190418|-0.09515013143298215
20190417|-0.04257856365559957
20190416|-0.045390301716747905
20190415|-0.0216951504561259
20190412|-0.011733591454561387
20190411|0.008132649726041545
20190410|-0.016359325251288262
20190409|-0.012224280328105715
20190408|0.015621303665265462
20190404|0.0024233974489239274
20190403|0.016181170071796817
20190402|0.028832958156719685
20190401|0.00040171840053466074
20190329|0.030027209379173494
20190328|0.07219795068403823
20190327|0.09148376238229987
20190326|0.10133698198170447
20190325|0.08400162529631351
20190322|0.05958305663885083
20190321|0.04828526156057641
20190320|0.03541849452098019
20190319|0.036506720227265664
20190318|0.005346481788177259
20190315|-0.00443516096774236
20190314|0.012140644152263623
20190313|-0.0063786417576893375
20190312|-0.003335692721632796
20190311|0.027841277210183753
20190308|0.04902486043363646
20190307|0.006981110333652622
20190306|-0.003671353554255212
20190305|0.009364406810752115
20190304|-0.012940868252425264
20190301|-0.013661974193607275
20190228|0.014940928692860494
20190227|0.020922130623323185
20190226|0.0122835454292196
20190225|-0.01927991039830687
20190222|0.0820232400150655
20190221|0.11775177639354352
20190220|0.10547322361047408
20190219|0.10306297130736812
20190218|0.08821590618086404
20190215|0.09904008581531643
20190214|0.08119941438041224
20190213|0.08468164933367041
20190212|0.11985213620982839
20190211|0.06461438889934819
20190201|0.060143091216038724
20190131|0.07817704033607094
20190130|0.08556931142030158
20190129|0.07882823438092623
20190128|0.04866137481897674
20190125|0.06835383198508165
20190124|0.07542335071777828
20190123|0.06026071127989821
20190122|0.051905485450386035
20190121|0.01938724080375283
20190118|0.010561036438056712
20190117|0.01834087287823348
20190116|0.020877395844350447
20190115|0.01783486931417691
20190114|0.03803562473178924
20190111|0.02068112667977298
20190110|0.022249846258309922
20190109|0.02106276030941165
20190108|0.04525797867148159
20190107|0.03728212295898602
20190104|0.02488334414131336
20190103|0.055250699522918965
20190102|0.053360234512113774
20181228|0.018976244892471225
20181227|0.034867848605003506
20181226|0.0235352866076375
20181225|0.020281302888046693
20181224|0.003128630749917199
20181221|0.008222070472088536
20181220|-0.010283179961615315
20181219|-0.04085353376949601
20181218|-0.05078949433525129
20181217|-0.04762215674912472
20181214|-0.05540433876392406
20181213|-0.06760263806567351
20181212|-0.048359066137826076
20181211|-0.03848885748340134
20181210|-0.03668575225904932
20181207|-0.0358778507907713
20181206|-0.02845908426164464
20181205|-0.03800044409538108
20181204|-0.03259558415458893
20181203|-0.029144664644066124
20181130|0.01481468406935435
20181129|0.010503069458705784
20181128|-0.006013590851218499
20181127|0.002397584145025754
20181126|0.012836063579154776
20181123|0.012151455815525415
20181122|0.011690045066503845
20181121|0.012774772897299834
20181120|0.01321852458961389
20181119|-0.037003880679891236
20181116|-0.03684202852127444
20181115|-0.019565586485077387
20181114|-0.021124059409860875
20181113|-0.029696492749713362
20181112|-0.01923956099649543
20181109|0.014833126342052031
20181108|0.004269861895345941
20181107|-0.0010870880599679223
20181106|0.015865036663116155
20181105|-0.001581937131913258
20181102|-0.014550282038224746
20181101|0.008784577614503158
20181031|0.0264944765138086
20181030|0.030505547686439788
20181029|0.02943079940260436
20181026|0.012332451589423475
20181025|0.008640900171066815
20181024|0.01723498180071292
20181023|0.02494463747025728
20181022|0.00610722676013732
20181019|0.01342552845017572
20181018|0.03594530769659817
20181017|-0.002560990772281178
20181016|-0.007766882777274766
20181015|0.015091677734592262
20181012|0.007437475995246713
20181011|0.02051394477006744
20181010|-0.029915945214249055
20181009|-0.0056002227755933675
20181008|-0.04738927249905106
20180928|-0.11471026384316527
20180927|-0.08383615042727538
20180926|-0.09255053191590536
20180925|-0.07496076030200918
20180921|-0.07030066334248704
20180920|-0.05619481289804756
20180919|-0.009323672461585716
20180918|0.005890534071072061
20180917|0.026826359352725673
20180914|0.060693777119464457
20180913|0.051605309355328456
20180912|0.0672126274599747
20180911|0.04825759574836828
20180910|0.055855633508160404
20180907|0.009910167785773418
20180906|0.015201750551230745
20180905|-0.008704690993824031
20180904|-0.04725945349597958
20180903|-0.0240032526700384
20180831|-0.02937090846145729
20180830|-0.04448379875444858
20180829|-0.04794285291776918
20180828|-0.050027608909612095
20180827|-0.03784732664655559
20180824|-0.018781237269138645
20180823|-0.006591665841622887
20180822|0.01691193152747422
20180821|-0.0014501380052461415
20180820|0.020584223465252016
20180817|0.0376126007154155
20180816|0.0335230795504637
20180815|0.03286612660602631
20180814|0.00997944299612525
20180813|-0.01917486782536319
20180810|-0.024961210937113346
20180809|-0.02636483129596096
20180808|0.0036631083200143535
20180807|-0.03016433257506702
20180806|-0.013336193671361655
20180803|-0.011629863735048374
20180802|-0.023430105727514357
20180801|-0.02160316613023152
20180731|-0.036192473353284606
20180730|-0.03131090011793193
20180727|-0.03512897734593596
20180726|-0.06270438342857182
20180725|-0.05838378074367479
20180724|-0.08611341238896311
20180723|-0.059694074194647374
20180720|-0.03490970724618079
20180719|0.005555220116540271
20180718|0.025160588947230184
20180717|0.01904752489674005
20180716|0.014153163664528023
20180713|0.012470589643277012
20180712|0.027777864756495314
20180711|0.05111503503549798
20180710|0.016794387797257195
20180709|0.009745102580125994
20180706|0.018786922687841354
20180705|0.02659280520963464
20180704|0.025456727977158127
20180703|0.018422012318671056
20180702|0.024861150227006492
20180629|-0.008524275740892671
20180628|-0.004672318053421873
20180627|0.0023858845503496413
20180626|-0.020369650210959028
20180625|-0.054867637564476254
20180622|-0.07383589469225647
20180621|-0.06379625184214156
20180620|-0.062210702429821796
20180619|-0.05886383222235922
20180615|-0.06459399923344852
20180614|-0.09271299056505385
20180613|-0.08686577186292542
20180612|-0.07706371959470287
20180611|-0.05807014732187338
20180608|-0.04516630909505909
20180607|-0.062137041150058234
20180606|-0.05261637383141715
20180605|-0.05830464301975263
20180604|-0.014220141669582662
20180601|0.0007363305643671806
20180531|-0.0036915866208808703
20180530|0.027550561421145967
20180529|-0.006316362055161154
20180528|-0.013994355039688343
20180525|0.0038031724371399966
20180524|0.002647903163055495
20180523|-0.002403917934043395
20180522|-0.025249550836782007
20180521|-0.03841971399827616
20180518|-0.02579711932449377
20180517|-0.0364069498363465
20180516|-0.022820050183359464
20180515|-0.023148660297049154
20180514|-0.02373710358340209
20180511|-0.011779810171780163
20180510|-0.009882723253567
20180509|0.008935004697780824
20180508|0.010974206744274396
20180507|0.01796364846718386
20180504|0.02369857601528481
20180503|0.02632325266745967
20180502|0.042631904205870985
20180427|0.0405700852822817
20180426|0.031246008348142527
20180425|0.0168085707386695
20180424|0.007317987101613897
20180423|0.029830399426156937
20180420|0.01949913348145393
20180419|-0.009770837886030377
20180418|0.0070940253544477146
20180417|0.004002757052342034
20180416|-0.01364882380909998
20180413|-0.029874939045801015
20180412|-0.017938045706967106
20180411|-0.02408494901688869
20180410|-0.04095750406100026
20180409|-0.023897376572608722
20180404|-0.011159801419635676
20180403|-0.024905659048658785
20180402|-0.03557514410707156
20180330|-0.02299211309012702
20180329|-0.005882179524257715
20180328|0.014552183215229003
20180327|0.006407558652562866
20180326|0.01218587729094591
20180323|-0.01331809449861592
20180322|-0.04116222248366994
20180321|-0.04889636675754464
20180320|-0.046787406668374935
20180319|-0.04313684496223216
20180316|-0.04002857098764811
20180315|-0.061874300061372095
20180314|-0.039298368242687655
20180313|-0.05166150431213825
20180312|-0.05396044379751435
20180309|-0.021542736422698907
20180308|-0.00405873543116697
20180307|0.01016943836845446
20180306|0.0018893588487599725
20180305|0.009538246587874725
20180302|0.019843762954501507
20180301|0.005991080012298124
20180228|0.016803634220394555
20180227|0.016921884278037643
20180226|-0.002319676780791487
20180223|0.0015993755380777652
20180222|-0.003967594017785337
20180214|0.02510821002694903
20180213|0.020953328872889716
20180212|0.03248149162878542
20180209|0.05427035878563033
20180208|0.0028898712856618943
20180207|0.002094409545573831
20180206|-0.007343417711975391
20180205|-0.04750831651438038
20180202|-0.051156052704786
20180201|-0.06569550496481559
20180131|-0.07957770560789268
20180130|-0.08599359023835447
20180129|-0.1072439467421116
20180126|-0.08427919423725332
20180125|-0.07206792160527478
20180124|-0.05489886034152198
20180123|-0.02474927685262836
20180122|-0.015072831063358424
20180119|-0.00921669997748182
20180118|0.001049253727709381
20180117|0.0018798213721262862
20180116|0.010225519804869087
20180115|0.03693525713443025
20180112|0.033154643040321036
20180111|0.04382242732719573
20180110|0.04154169676543638
20180109|0.03516095311154411
20180108|0.03010353329000984
20180105|0.032054674472404135
20180104|0.02889560069326486
20180103|0.03577388926014727
20180102|0.03372267444654085
20171229|0.048164993485625196
20171228|0.04645276587553594
20171227|0.0542707188238145
20171226|0.03347013772175718
20171225|0.02935004900730778
20171222|0.020754731220729593
20171221|0.0149866446599473
20171220|0.0200726720608498
20171219|0.01290397755385216
20171218|0.011432915545397696
20171215|0.00955613614539869
20171214|-0.008679280730512025
20171213|0.0008715109162810145
20171212|0.006355502092957241
20171211|-0.003661703181843211
20171208|0.016103720576856724
20171207|0.014966519366670317
20171206|0.004857860824527258
20171205|-0.013583337970101436
20171204|-0.009455748003580509
20171201|0.007007039404482582
20171130|0.010981604974195296
20171129|-0.009309052853221561
20171128|0.003371990916271352
20171127|-0.011498494733573795
20171124|-0.03244149644240348
20171123|-0.02110363976023184
20171122|-0.04432720232012433
20171121|-0.04714520456224793
20171120|-0.0351599318640562
20171117|-0.027846555376380117
20171116|-0.012487003083693677
20171115|-0.004380841293560039
20171114|-0.012051541817228981
20171113|-0.005782334339848008
20171110|-0.0023139118373955935
20171109|0.037210630153371275
20171108|0.04192084018063511
20171107|0.022097053052891637
20171106|0.024860468688322153
20171103|0.02812992688477633
20171102|0.01914754277833497
20171101|0.025703931327407614
20171031|0.03028798209127723
20171030|0.02548540898772572
20171027|0.013409406878364756
20171026|0.013629516729771342
20171025|0.01943638201043064
20171024|0.01553123528736821
20171023|0.015747387279952167
20171020|0.017897873411068282
20171019|0.016628962369343425
20171018|0.015860223409653543
20171017|0.024700051274334812
20171016|0.027730392716271427
20171013|0.01850891826953312
20171012|0.016354755650565406
20171011|0.014530630538940555
20171010|0.010523350728201633
20171009|0.011499745660175328
20170929|0.024696511897441556
20170928|0.03181759891188548
20170927|0.02404187166335188
20170926|0.024252786393234325
20170925|0.02703400644063459
20170922|0.01960095998405722
20170921|0.01690262715976916
20170920|0.012343317791193461
20170919|0.013071498538366307
20170918|-0.0017281429146999633
20170915|-0.0022858841647990604
20170914|-0.0022860318425640177
20170913|-0.005679608950810797
20170912|-0.005248292303924689
20170911|0.003158970331096765
20170908|0.003091513973051866
20170907|0.003280527990588171
20170906|-0.0045029291068315715
20170905|-0.0036047271819182928
20170904|-0.0037236684273467984
20170901|-0.00015217182399673073
20170831|0.005367033474435804
20170830|0.000947656554305046
20170829|-0.0023190019052101553
20170828|-0.004351718378887487
20170825|0.008988173734317475
20170824|0.03074029135507316
20170823|0.026878494127028554
20170822|0.024869639884678767
20170821|0.02393593724192195
20170818|0.02615476658526004
20170817|0.030372235122512994
20170816|0.035963731439660446
20170815|0.03687350592540867
20170814|0.027355877964202018
20170811|0.023933950078773546
20170810|0.010809595296003139
20170809|0.0056965289071905624
20170808|0.0023528132599294907
20170807|-0.0005688534286890025
20170804|0.003694431806669779
20170803|-0.007083403883828871
20170802|-0.014570074205250026
20170801|-0.02007745738708538
20170731|-0.024217755701290224
20170728|-0.0016041843671204658
20170727|0.005077670090957206
20170726|0.0072393220640514155
20170725|0.00194533814358098
20170724|-0.009587097912347955
20170721|-0.0002068337972432679
20170720|0.003460138830859799
20170719|0.010895163762599828
20170718|0.019277070257268783
20170717|0.015922747220427164
20170714|0.002457593569053327
20170713|0.005009031249792244
20170712|0.016599707075246814
20170711|0.01979400396958869
20170710|0.020502797338841444
20170707|0.02515229164852843
20170706|0.01902952454780768
20170705|0.0020496876843996035
20170704|0.012036903698002366
20170703|0.014311120136720052
20170630|0.0054878402481817025
20170629|-0.0027268381817528308
20170628|0.006758330790480014
20170627|-0.005722457076401498
20170626|-0.003315783882077794
20170623|0.010271819148677483
20170622|0.01931208512836867
20170621|0.008926839940857731
20170620|0.029424073465230734
20170619|0.031835412299520714
20170616|0.04264762390376546
20170615|0.03326180178455367
20170614|0.03943556452528333
20170613|0.02395815008114685
20170612|0.013566988532363036
20170609|0.003962954448785611
20170608|0.007575558022168404
20170607|0.003571776429467602
20170606|0.01740216444783011
20170605|0.014416503125704746
20170602|0.012128240427655555
20170601|0.01073851096116915
20170531|0.025589995890216256
20170526|0.026995163965878453
20170525|0.025967033312877162
20170524|0.03995474052389203
20170523|0.03203025295879846
20170522|0.023933505444811085
20170519|0.019068001014851024
20170518|0.02601288062046907
20170517|0.025740025060663304
20170516|0.018734900576439867
20170515|0.02390002076080573
20170512|0.02962132419631514
20170511|0.020115616008230176
20170510|0.02591403716936036
20170509|0.01751103136244107
20170508|0.013408518635678565
20170505|0.004600818636778842
20170504|0.0016388268969703699
20170503|0.004547411960675835
20170502|-0.007991328721500072
20170428|-0.0158076175818438
20170427|-0.026133336845851375
20170426|-0.031197905527926666
20170425|-0.025702574994529836
20170424|-0.021113593096317648
20170421|-0.02429809277265849
20170420|-0.01651333401953886
20170419|-0.009503504783587502
20170418|-0.01044440810202811
20170417|-0.011548670484910624
20170414|-0.011410941818661011
20170413|-0.01974155444845519
20170412|-0.0195086467816065
20170411|-0.024470080697620498
20170410|-0.010941847901504143
20170407|-0.015896483812738497
20170406|-0.01939951342140592
20170405|-0.011744165033340567
20170331|0.006914318691695373
20170330|0.014474833549525511
20170329|0.014248238330600576
20170328|0.011421204041386442
20170327|0.011296453446389354
20170324|0.004453089562106468
20170323|0.016027021776162564
20170322|0.018549498207301358
20170321|0.010831691739557097
20170320|0.0018648180958059596
20170317|-0.0026255402547289246
20170316|-0.004685701299546654
20170315|0.0017801196404849551
20170314|0.006175005281058483
20170313|0.009109545189291992
20170310|0.009943896708985807
20170309|0.006742567532038349
20170308|0.005107820374408376
20170307|-0.0012576591511791909
20170306|-0.00019698336043338227
20170303|0.015649342791666073
20170302|0.00831048026222721
20170301|-0.0005043317826524011
20170228|0.0015314192036556015
20170227|-0.005319214996778525
20170224|-0.013503138317620223
20170223|-0.00708033653990669
20170222|-0.01025865212895791
20170221|-0.010433777427104376
20170220|-0.012539578496537744
20170217|0.003990832052416366
20170216|0.005087137555798457
20170215|0.009088196202072043
20170214|0.003032361390093175
20170213|0.01093530057984302
20170210|0.01752952435615103
20170209|0.027519509215402096
20170208|0.0294196668696053
20170207|0.03140748559082281
20170206|0.014299990237771096
20170203|0.02271986177528191
20170126|0.00996248303477911
20170125|0.017743394495613973
20170124|0.02134794120490814
20170123|0.01468632976948709
20170120|0.012341182902290256
20170119|0.01621928837600799
20170118|0.007881617503781411
20170117|0.0140841196116003
20170116|0.013570579785087623
20170113|0.020497048084584787
20170112|0.017566818374631397
20170111|0.008983518165897014
20170110|0.0017298183982499052
20170109|-0.0026791213321532914
20170106|-0.005489614930280496
20170105|-0.008439928484835164
20170104|-0.012455913744562381
20170103|-0.0068163229597317625
20161230|0.00297013897666789
20161229|0.006022048631242615
20161228|0.009875166294975302
20161227|0.012630137174656268
20161226|0.012491208916829673
20161223|0.01211374135396273
20161222|0.009628404711254625
20161221|0.008918789553265307
20161220|0.010021897127952208
20161219|-0.005677980843817494
20161216|-0.014424911185819865
20161215|-0.011539009601746426
20161214|-0.018514595532037364
20161213|-0.024268583357121662
20161212|-0.029796000738007648
20161209|-0.045232275238286
20161208|-0.03792552641202394
20161207|-0.04795599334473993
20161206|-0.03763068589333857
20161205|-0.03556112038743226
20161202|-0.05342119692656884
20161201|-0.05219891187634568
20161130|-0.03758195659074153
20161129|-0.04345097136956933
20161128|-0.011705813813035773
20161125|-0.014527313507689424
20161124|-0.003724267213951151
20161123|-0.004482651740610569
20161122|0.0003007181483835376
20161121|0.0255278019221118
20161118|0.043184474996744694
20161117|0.02952567047913097
20161116|0.03920233077287323
20161115|0.0306749235393762
20161114|0.02654327034080327
20161111|0.02092899464213751
20161110|0.024808795580266847
20161109|0.034389236084704906
20161108|0.02076254821100891
20161107|0.018132379508739766
20161104|0.024554473156588333
20161103|0.01916950091899612
20161102|0.028955237850668045
20161101|0.021195265807138416
20161031|0.024261467419681517
20161028|0.015114998655739297
20161027|0.0021998418863643197
20161026|0.004864075354715559
20161025|-0.00322558229451689
20161024|-0.003979715979768255
20161021|0.011222331071538118
20161020|0.00444403731207461
20161019|0.012909801461896714
20161018|0.004500001806504112
20161017|0.01899033460061663
20161014|0.012053488242653688
20161013|0.015791888017028837
20161012|0.020437823048361434
20161011|0.01845424107311637
20161010|0.010283350759653953
20160930|0.020078173316562496
20160929|0.022146864723597896
20160928|0.02799290597946696
20160927|0.011455358845503315
20160926|0.026570646120232307
20160923|0.008236187694349733
20160922|0.0027005995829384333
20160921|0.012220829011864139
20160920|0.011194500649750782
20160919|-0.0030155151934157854
20160914|0.0017469816091436972
20160913|-0.009030672633746371
20160912|-0.00669710452141906
20160909|-0.02946344291998538
20160908|-0.019133635408693974
20160907|-0.014875403232203354
20160906|-0.02273333084028272
20160905|-0.018759940717177574
20160902|-0.015385710932092329
20160901|-0.01903545458290229
20160831|-0.020271693581902492
20160830|-0.014910384612016974
20160829|0.003102684246629363
20160826|0.00981950899431213
20160825|0.009623834834504432
20160824|0.0038325901095631176
20160823|-0.006627807706498549
20160822|-0.006796943413348213
20160819|-0.018853682549786425
20160818|-0.010905680958601392
20160817|-0.018102327065113513
20160816|-0.020858167480452112
20160815|-0.02544127272078949
20160812|0.004474182609426848
20160811|0.02984604250686583
20160810|0.030366535731684012
20160809|0.024505208964989245
20160808|0.04045411159479837
20160805|0.04972528243960426
20160804|0.05365309213041751
20160803|0.05784800221198821
20160802|0.06408518895270432
20160801|0.03696287689942958
20160729|0.009185593942439533
20160728|0.0068932202800503235
20160727|0.012037002799353649
20160726|-0.01082858146041648
20160725|-0.007977690323239636
20160722|-0.007402418855238837
20160721|-0.018144381498418728
20160720|-0.014996579261521984
20160719|-0.02198887149140109
20160718|-0.01780858620818624
20160715|-0.0168303839998877
20160714|-0.01785908837471614
20160713|-0.004045243366470947
20160712|-0.012922287853226485
20160711|0.006815722019186799
20160708|0.018871151653363654
20160707|0.00861414213412399
20160706|0.009770881213428376
20160705|0.017035700767791262
20160704|0.022336284003225307
20160701|0.03885707944962276
20160630|0.04088466388346446
20160629|0.03864740278017079
20160628|0.021339108105118045
20160627|0.022988299475988908
20160624|0.043156422084685356
20160623|0.031914313467098006
20160622|0.023427541057466982
20160621|0.03167062473018688
20160620|0.013340940940169077
20160617|0.014006109266556814
20160616|0.018326647653355458
20160615|0.006428316553115647
20160614|0.014486751064618917
20160613|0.003526678865788347
20160608|-0.014750381322799808
20160607|-0.013563513104754657
20160606|-0.022798311809406606
20160603|-0.02403361212795806
20160602|-0.017916080299352873
20160601|-0.020842278251201468
20160531|-0.016781829901257636
20160530|0.0030240886892105977
20160527|0.0012545310218877127
20160526|0.032561399981920335
20160525|0.03851533160725397
20160524|0.037613941134281965
20160523|0.0330727754596202
20160520|0.028874173304165047
20160519|0.032015346938775516
20160518|0.03309088716393403
20160517|-0.006258862536389884
20160516|-0.010599591381536247
20160513|-0.003487553395437679
20160512|-0.010003148727710215
20160511|-0.006245085649187316
20160510|0.005900729592142655
20160509|0.004111083746654445
20160506|-0.021676142698237904
20160505|-0.045391609000846385
20160504|-0.038460352065346766
20160503|-0.03679182459219427
20160429|-0.025915935560205196
20160428|-0.02228830711821654
20160427|-0.026250854413067237
20160426|-0.03461573666763022
20160425|-0.030492407890746278
20160422|-0.014030988682796732
20160421|0.016869249317298
20160420|0.008938939826332745
20160419|-0.007646906419813069
20160418|-0.022211257218240466
20160415|-0.03411277716402236
20160414|-0.03355361325000785
20160413|-0.025210777145769067
20160412|-0.017529245444235553
20160411|-0.017087727423581268
20160408|-0.007886114499489299
20160407|-0.008806932374450462
20160406|-0.005901714428855227
20160405|-0.01103787855117158
20160401|0.015615034009488188
20160331|0.017943573948257376
20160330|0.014024920132762192
20160329|0.026484574585141963
20160328|0.019045167282492358
20160325|-0.0037810168624408135
20160324|0.008623596768044717
20160323|0.006624039118788864
20160322|0.011995821178687985
20160321|-0.008475929830305963
20160318|0.01454146848497287
20160317|0.02947022665613382
20160316|0.014684956438976526
20160315|0.0308796076467259
20160314|0.043098617277024076
20160311|0.05419205084743516
20160310|0.07399110431422835
20160309|0.05009363890247973
20160308|0.04561741212798133
20160307|0.021618827379188636
20160304|0.009798021261260196
20160303|0.010335722146911013
20160302|0.007684182617891956
20160301|0.04606280969626993
20160229|0.04893783317063237
20160226|0.022087623908975257
20160225|0.05247349036402575
20160224|-0.0006020173369416742
20160223|0.005009770622617127
20160222|-0.008008674942318836
20160219|0.002240475031827719
20160218|-0.0007747980400163819
20160217|-0.043294856560855605
20160216|-0.05254071816755479
20160215|0.00044931511684061877
20160205|-0.015196425926407114
20160204|0.04180738149800984
20160203|0.047725069091197565
20160202|0.05319697136493219
20160201|0.051890558170702546
20160129|0.03652603959824714
20160128|0.07343444919607714
20160127|0.036406206489868795
20160126|0.0021077983437560862
20160125|-0.052765425138531656
20160122|-0.04133757170070753
20160121|-0.0430675565378105
20160120|-0.06711362036909288
20160119|-0.0999269342641071
20160118|-0.05897635981907079
20160115|-0.08496214805385531
20160114|-0.09039657980531861
20160113|-0.06824406132174266
20160112|-0.026999947134536406
20160111|-0.024741812714372858
20160108|-0.08335943726177385
20160107|-0.03642741818887582
20160106|-0.08946332682450574
20160105|-0.10004973007778599
20160104|-0.10098856579840217
20151231|-0.13654069077902609
20151230|-0.1618240852018831
20151229|-0.14518424987539458
20151228|-0.14357157573494386
20151225|-0.12418265744811173
20151224|-0.1397132241535363
20151223|-0.08446477468206053
20151222|-0.10265163992464788
20151221|-0.1026649232468479
20151218|-0.009795342939181426
20151217|0.002472650941668192
20151216|0.020739721715724566
20151215|0.008998240304418386
20151214|0.0341870093729404
20151211|0.06134683496029301
20151210|0.06715190704935355
20151209|0.06622637679740416
20151208|0.06705593675994065
20151207|0.021777266395253084
20151204|0.02129001803353929
20151203|-0.017032250562038376
20151202|-0.007406322752424413
20151201|0.03330627090934205
20151130|0.011677562771771852
20151127|0.018580868329194904
20151126|-0.032848339468573545
20151125|-0.04193640428526814
20151124|-0.01765688862936548
20151123|-0.02018018642087635
20151120|-0.006645854435016222
20151119|-0.01404355903320004
20151118|-0.03334176629220741
20151117|-0.0510790932386687
20151116|-0.055028444850145825
20151113|0.0035200609037002676
20151112|-0.003614184190862255
20151111|-0.02080447699135498
20151110|-0.020844779270162667
20151109|-0.017178620205684163
20151106|-0.004851881201273522
20151105|0.0025931132739876813
20151104|0.03578548715763764
20151103|0.0861733092521036
20151102|0.07775689147349718
20151030|0.07392166389036574
20151029|0.08500223728082514
20151028|0.08746808438205683
20151027|0.06887958097113767
20151026|0.05686769504920367
20151023|0.037726101374844154
20151022|0.0295085818437274
20151021|-0.0022345040126636197
20151020|-0.028437519827665958
20151019|-2.9143943350854808e-05
20151016|-0.00021448388753468473
20151015|0.010928311367250634
20151014|0.054832900386129355
20151013|0.041862467318985526
20151012|0.03583497718619372
20151009|0.05521305248081208
20151008|0.0536244396298842
20150930|0.11700314834958299
20150929|0.11177864727351429
20150928|0.08983511535880638
20150925|0.07885763119552247
20150924|0.03686850437397402
20150923|0.055781010766686755
20150922|0.03254328352844988
20150921|0.00963319848850468
20150918|0.013905015051027652
20150917|-0.010519311250945686
20150916|-0.039402909664068765
20150915|0.02871616048564953
20150914|-0.014989034272318224
20150911|-0.018579476264852856
20150910|-0.028155259130065054
20150909|-0.017731565717109713
20150908|-0.0077312004146343006
20150907|0.00024242536113841808
20150902|-0.03827671731684769
20150901|-0.01571496004114117
20150831|-0.06365712411808461
20150828|-0.018297057762262117
20150827|0.04415657663154735
20150826|0.10968366905818575
20150825|0.11711684177766989
20150824|0.017856325106074315
20150821|-0.09445538364847153
20150820|-0.10517794448636093
20150819|-0.13485194548003465
20150818|-0.11995466109271362
20150817|-0.18038476931105238
20150814|-0.21305842093118027
20150813|-0.2575832488235079
20150812|-0.24232282552888032
20150811|-0.19454128182057595
20150810|-0.12115200282051182
20150807|-0.03723907042459005
20150806|0.014166517913531134
20150805|-0.01072900773229209
20150804|0.03285509307511981
20150803|0.06379994959828786
20150731|0.06779785359023599
20150730|0.052606114359340594
20150729|0.03467604523634997
20150728|0.07170436407613248
20150727|0.02310034406717832
20150724|-0.08247221988760822
20150723|-0.09031348179932981
20150722|-0.05027590951514969
20150721|-0.08083785765070914
20150720|-0.08265923378579883
20150717|-0.08095491360222924
20150716|-0.016755325270003552
20150715|-0.03924261594919181
20150714|-0.0713539319708503
20150713|-0.008436511411240447
20150710|0.03512651477296321
20150709|0.0665877126230171
20150708|0.13730897686565094
20150707|0.05921813196171182
20150706|0.0382537413058827
20150703|0.028677658323633858
20150702|-0.03438099744985148
20150701|-0.03312280846955597
20150630|-0.05839170954245893
20150629|-0.020277229253433608
20150626|-0.10114143851925468
20150625|-0.2217092218532774
20150624|-0.19510213465799858
20150623|-0.16455056955665917
20150619|-0.16198545972743023
20150618|-0.16682787251480513
20150617|-0.1723757796277014
20150616|-0.11684973664419736
20150615|-0.19720074075393496
20150612|-0.18723495182390634
20150611|-0.11308090506332702
20150610|-0.08080183654064933
20150609|-0.09992927075534731
20150608|-0.13386857177332312
20150605|-0.05735589666253193
20150604|-0.008218795788641568
20150603|-0.015314012197706317
20150602|0.011487503559756538
20150601|0.05101002151421368
20150529|0.09621513174706242
20150528|0.09828388746644358
20150527|0.026252770951053325
20150526|0.02978177382293788
20150525|0.025699995783896208
20150522|0.04646847769338979
20150521|0.06251094820548594
20150520|0.08558526443878435
20150519|0.07291076174400617
20150518|0.05807232128415729
20150515|0.046895161202996305
20150514|0.102250308353213
20150513|0.10183077613005666
20150512|0.07416110768351902
20150511|0.055602008471533695
20150508|0.06198924009368173
20150507|0.06371908926198112
20150506|0.03906923443012099
20150505|-0.004719984632911742
20150504|-0.03556395385631757
20150430|-0.010338774446376223
20150429|-0.011706364416673751
20150428|0.001172535424383043
20150427|-0.02434898801728589
20150424|-0.030671488637980058
20150423|-0.057120685305634446
20150422|-0.039344792854740726
20150421|-0.0048335586266257955
20150420|0.0587852192841137
20150417|0.03345201273417497
20150416|0.05777718893304726
20150415|0.08248988189282852
20150414|0.08323404347363683
20150413|0.06368770658163737
20150410|0.0912610578729108
20150409|0.1120742688293998
20150408|0.0752737031935589
20150407|0.06147236976895074
20150403|0.10204870450766805
20150402|0.09425239091771298
20150401|0.0622270935608204
20150331|0.09552222006099916
20150330|0.08142869513020237
20150327|0.0938437650203427
20150326|0.07902255165127893
20150325|0.0901913302466849
20150324|0.07223626406540475
20150323|0.049968265844859736
20150320|0.05965255894942518
20150319|0.07400398829191265
20150318|0.0533401108408487
20150317|0.08811425340992389
20150316|0.07178888789641615
20150313|0.09186664186239868
20150312|0.09673896222602478
20150311|0.12721621107099054
20150310|0.12823058270283205
20150309|0.10029651614726877
20150306|0.10384272621689686
20150305|0.1000219085993826
20150304|0.0640927240172401
20150303|0.05637874511816179
20150302|0.0045517339046141515
20150227|0.005598062943152051
20150226|-0.011676543864150409
20150225|0.01203945463989867
20150217|0.00438006519562944
20150216|-0.005990313426297597
20150213|0.007641877349540115
20150212|0.025544937165867913
20150211|0.02148320794473359
20150210|0.05703705638750036
20150209|0.0678204894855557
20150206|0.07664336044342203
20150205|0.03320011666358769
20150204|0.035438630735546955
20150203|0.018047706945129305
20150202|0.034546625481520335
20150130|0.0024703076820046426
20150129|-0.013692350906054855
20150128|-0.0335799017565198
20150127|-0.06405997766110737
20150126|-0.08191968647319765
20150123|-0.057335208800660314
20150122|-0.04648626406507651
20150121|-0.03140141199278085
20150120|-0.012443827288086635
20150119|0.023615898520336517
20150116|-0.042184825588848535
20150115|-0.021863305921194162
20150114|0.02070223956386772
20150113|0.026734186292700187
20150112|0.016551797940332
20150109|0.005889944041302316
20150108|-0.002914651617092152
20150107|-0.06794244454263274
20150106|-0.0785222101591872
20150105|-0.0017561246735928503
20141231|0.019926960513115884
20141230|0.012977093054801077
20141229|0.016954351887088687
20141226|0.019657621844781512
20141225|0.06335156092832718
20141224|0.10180644102792694
20141223|0.09590174091197272
20141222|0.07264085437508708
20141219|0.0763704540745403
20141218|0.056121367860087736
20141217|0.02885081762233987
20141216|0.04602921473075329
20141215|0.07105837696302528
20141212|0.044529248938456306
20141211|0.014883073013862356
20141210|0.03208956196807376
20141209|0.09255746781451564
20141208|0.04005249500365985
20141205|0.07073604308638555
20141204|0.08254446742652485
20141203|0.11317521631487806
20141202|0.10030575182801289
20141201|0.1324254950330022
20141128|0.13322075932981092
20141127|0.1695616974467143
20141126|0.14098144044585822
20141125|0.2112482270929611
20141124|0.1795321557960759
20141121|0.2016276652776999
20141120|0.1696622796351265
20141119|0.15241742645404055
20141118|0.10954365597761237
20141117|0.09415991034244459
20141114|0.06717967930640234
20141113|0.05553561391607715
20141112|0.03517032221955826
20141111|0.03542780226153857
20141110|0.006908365260569082
20141107|0.013966372160295702
20141106|0.012432229465533025
20141105|0.01516628266295138
20141104|0.021458539248408022
20141103|0.027281070849193758
20141031|0.02847517765839761
20141030|0.050788501068278716
20141029|0.04374182094686106
20141028|0.061687383335547234
20141027|0.05628132345392156
20141024|0.04825394674209203
20141023|0.044872651022397805
20141022|0.039084345299695136
20141021|0.03252950306794087
20141020|0.021841267668576886
20141017|0.01113676685238192
20141016|0.0028591941973371868
20141015|-0.019165346929266677
20141014|-0.03177111391413748
20141013|-0.0261675816901878
20141010|-0.028722764695318512
20141009|-0.02550972922554996
20141008|-0.018153772036041134
20140930|0.0015189792850882815
20140929|-0.0024785531818584806
20140926|0.00295174669631268
20140925|0.011042013323949933
20140924|0.0019239400720105072
20140923|0.023123516855028305
20140922|0.036936509004085946
20140919|0.02339755180064751
20140918|0.028945091552827457
20140917|0.020681073706776926
20140916|0.02471318861420027
20140915|4.923705137423066e-06
20140912|-0.0005712860867846432
20140911|0.007596595602804862
20140910|-0.01355474128167148
20140909|-0.02711571618796482
20140905|-0.009818479793276345
20140904|-0.007237583998839326
20140903|-0.00311851606459221
20140902|0.0009658657593254596
20140901|0.034760501452670636
20140829|0.04279671400473953
20140828|0.048534187579339395
20140827|0.045041340954934256
20140826|0.052120139822347845
20140825|0.04541281329723513
20140822|0.02572965513975867
20140821|0.023189609912991196
20140820|0.00858782658676163
20140819|-0.008190694838401066
20140818|-0.01527650151901702
20140815|-0.020908357285222164
20140814|-0.003574570462917733
20140813|-0.014756448023888983
20140812|-0.006019807793803575
20140811|6.341558898865525e-06
20140808|0.009913630018694818
20140807|0.01662028557348213
20140806|0.004886127873779061
20140805|0.002198490473981645
20140804|-0.006307827009370048
20140801|0.002808875410942431
20140731|0.0036804579595965006
20140730|0.015090798450136613
20140729|0.014575127317897774
20140728|0.003114165558972743
20140725|0.029641390623299433
20140724|0.05641714516889701
20140723|0.07804050626230473
20140722|0.08342325299699277
20140721|0.07529306950346096
20140718|0.08599566387449284
20140717|0.07646629591649394
20140716|0.0739340208617015
20140715|0.06847018082038597
20140714|0.04084064614934094
20140711|0.041436511671971515
20140710|0.02566025479187262
20140709|0.020471817974505552
20140708|-0.006502258913547603
20140707|-0.00558060073822936
20140704|-0.009926584492092721
20140703|-0.004276687557793107
20140702|0.0018927921424941848
20140701|0.0033258506698129334
20140630|-0.007902109723349916
20140627|-0.0034465631566070695
20140626|-0.00017030575000604234
20140625|0.022078672673435544
20140624|0.01467162061542679
20140623|0.020891612897179637
20140620|0.020340904251311326
20140619|0.020668510658905178
20140618|0.001999778728187096
20140617|-0.002099854632539285
20140616|-0.018977988963686104
20140613|-0.01248298672666007
20140612|-0.009305705834002703
20140611|-0.007379327516260512
20140610|-0.012565771574834727
20140609|0.001146990485320286
20140606|-0.0036580978453338723
20140605|0.004481070881548595
20140604|0.019452382540969863
20140603|0.019506325357525216
20140530|0.00917149555939735
20140529|-0.0008138591773063953
20140528|-0.0039578639151229425
20140527|0.006514287843224837
20140526|-0.010062727970997897
20140523|-0.0063758661040192064
20140522|0.0092610147601822
20140521|-0.003572724442332553
20140520|0.01613927027074288
20140519|0.01953579497934651
20140516|0.004292733481457175
20140515|0.011784986035994873
20140514|-0.011550507924057042
20140513|-0.008679211275065959
20140512|-0.014513401961602727
20140509|-0.001426020110492012
20140508|0.00019152459194496523
20140507|-0.010080399903430105
20140506|-0.019554281963614223
20140505|-0.00487741540573232
20140430|-0.006751876975474251
20140429|0.006440673254666521
20140428|0.018680833304839467
20140425|0.005640674113143797
20140424|-0.02582226495269978
20140423|-0.026961709014757595
20140422|-0.027075352957376665
20140421|-0.01367929013993844
20140418|-0.030573001588237076
20140417|-0.02973027274774431
20140416|-0.033171394196528974
20140415|-0.042384197450238074
20140414|-0.04442670477512022
20140411|-0.03531651066251047
20140410|-0.0347850983458683
20140409|-0.018683385299872162
20140408|-0.02237860007258687
20140404|0.017848318349537127
20140403|0.027618835588598324
20140402|0.0237530878463925
20140401|0.030672433042163924
20140331|0.056985377194760295
20140328|0.055159354357529056
20140327|0.054763472030289875
20140326|0.031124614068695825
20140325|0.02891595077353238
20140324|0.004097302433112213
20140321|0.0028766007750609538
20140320|0.04492644109849354
20140319|0.019918712603789905
20140318|0.00382202603860472
20140317|0.004165581758233001
20140314|0.015484474542545961
20140313|0.014350103465208423
20140312|0.028525154980715527
20140311|0.032197209508783076
20140310|0.029083505618063214
20140307|-0.03753577591892117
20140306|-0.02427455588199307
20140305|-0.01194236904660694
20140304|-0.01887813473865223
20140303|-0.03083223382350932
20140228|-0.017732223145695798
20140227|-0.01855710112956275
20140226|-0.02530455462569428
20140225|-0.02786123047820844
20140224|-0.02084028558926599
20140221|-0.04003897020439919
20140220|-0.05397309476636725
20140219|-0.053876801047882325
20140218|-0.040339250679754454
20140217|-0.057394576248017075
20140214|-0.06162595428160685
20140213|-0.05095251088590131
20140212|-0.05819410050252133
20140211|-0.031087758721924798
20140210|-0.0014288650137110343
20140207|0.03387732244722331
20140130|0.04822175304774235
20140129|0.024536074237099633
20140128|0.04135044856533419
20140127|0.0359471623285869
20140124|0.01508497656387078
20140123|0.026594960591678155
20140122|0.01861399164629943
20140121|0.0366296213329921
20140120|0.021463596604421268
20140117|0.010999372041526045
20140116|0.007205300192961121
20140115|0.0049408291122308
20140114|0.001388709381493274
20140113|0.023704015035928134
20140110|0.012262960172818938
20140109|0.009708755339815356
20140108|-0.02431006404803768
20140107|-0.03217514201289466
20140106|-0.026868581194718185
20140103|-0.03445771067396722
20140102|-0.04868133978874919
20131231|-0.05029128430326522
20131230|-0.046001709968175104
20131227|-0.04281655826537086
20131226|-0.01903163065578843
20131225|-0.027416912858822383
20131224|-0.02195872125748601
20131223|-0.020119478141050254
20131220|0.005549712572032587
20131219|-0.004472627025265622
20131218|-0.011538986927855144
20131217|-0.0241548886934853
20131216|-0.02721583429866584
20131213|-0.058714663894335745
20131212|-0.043528774717169705
20131211|-0.05160680928876971
20131210|-0.06877205682743653
20131209|-0.07047940488120143
20131206|-0.0488837562650701
20131205|-0.04496034959932291
20131204|-0.04798081720795028
20131203|-0.030645771382160816
20131202|-0.0050227634666617695
20131129|-0.011861280947820076
20131128|-0.010972195463880452
20131127|0.016086686952599707
20131126|0.02657936446769213
20131125|0.026650434203051167
20131122|0.0292894549621721
20131121|0.027031658650724207
20131120|0.007395921397199908
20131119|0.002746497645474207
20131118|0.004133965003954529
20131115|0.0377737336508513
20131114|0.04772399751616511
20131113|0.043398149394523786
20131112|0.02078162393162389
20131111|0.03543909056090334
20131108|0.04421422520900622
20131107|0.03601629017428357
20131106|0.02489624264096036
20131105|0.018933881596748685
20131104|-0.012485013362997248
20131101|-0.033735995572252715
20131031|-0.03606241347961294
20131030|-0.02802567507562916
20131029|-0.02367737988990961
20131028|-0.024518228165044634
20131025|-0.011824489066981258
20131024|-0.019555419658564263
20131023|-0.014356886174064823
20131022|-0.026753849619627325
20131021|-0.03494566875542729
20131018|-0.021572479425437455
20131017|-0.002427765784206853
20131016|-0.020367799895183433
20131015|-0.04116000011347425
20131014|-0.04205509956959264
20131011|-0.027545788792258257
20131010|-0.004456396592128578
20131009|-0.0031350070488750563
20131008|0.012085701964648355
20130930|0.007063818446956307
20130927|0.007665646055839475
20130926|0.015487055048076168
20130925|0.015844596402679104
20130924|0.011726001837238533
20130923|-0.0015289480837184827
20130918|-0.001312635919276883
20130917|0.01081891895677622
20130916|-0.01475917833754967
20130913|-0.03208844703407376
20130912|-0.044859827992925067
20130911|-0.03964977894702498
20130910|-0.018531702771916528
20130909|0.0013422879289555578
20130906|0.0485651345204942
20130905|0.03876399336389476
20130904|0.03259583638738947
20130903|0.052617496183906376
20130902|0.0726435390614495
20130830|0.08364413481941825
20130829|0.07099047539350845
20130828|0.06307322504269645
20130827|0.042602763660348424
20130826|0.0094904299336878
20130823|0.023964889159217465
20130822|0.02029877617915819
20130821|0.019887905556164397
20130820|0.00340718670336628
20130819|-0.007514701277756563
20130816|0.006148487247324982
20130815|0.0027912073522469295
20130814|-0.0034903025865445493
20130813|-0.009941214072676252
20130812|-0.027994376048221727
20130809|0.007839860718019417
20130808|0.013970156123862446
20130807|0.01396197442540924
20130806|0.01647555131775189
20130805|0.011330672611374212
20130802|0.03306822565939105
20130801|0.04619117434856883
20130731|0.07571610121380506
20130730|0.07463546890729279
20130729|0.05057055014545257
20130726|0.02372923118981602
20130725|0.019189491987917882
20130724|0.01978079728750993
20130723|0.005509644304884217
20130722|0.020467816340922634
20130719|0.02505663147495659
20130718|-0.02329592825636156
20130717|-0.04093504745851208
20130716|-0.061211088906606544
20130715|-0.036098083601721065
20130712|-0.016564317147122715
20130711|-0.03332505260696761
20130710|0.018785422188649946
20130709|0.018273716412451457
20130708|0.012413923153753004
20130705|0.008298272581571455
20130704|0.027388647687489383
20130703|0.0517372499124251
20130702|0.03839496594034885
20130701|0.028037556301243806
20130628|0.05727836323904101
20130627|0.029309471082756527
20130626|-0.0025955853833677565
20130625|-0.0008321707418555929
20130624|0.025625803123603946
20130621|-0.04117340426358227
20130620|-0.050674013748209075
20130619|-0.07446834654787118
20130618|-0.0849316484375161
20130617|-0.08453145156559978
20130614|-0.10594135729036804
20130613|-0.09651920029567437
20130607|-0.1283085630555198
20130606|-0.14108262175884984
20130605|-0.09495852240485321
20130604|-0.09517996496816042
20130603|-0.07755944675813599
20130531|-0.07200703185127835
20130530|-0.08749268787464556
20130529|-0.08544362835900475
20130528|-0.0924314739413219
20130527|-0.04440205309535712
20130524|-0.026714250731934303
20130523|-0.00863774847077779
20130522|-0.02000279599119031
20130521|-0.0046771271654659045
20130520|-0.0012189574905340306
20130517|0.01630949735498729
20130516|0.035198685004832246
20130515|0.054821743769757666
20130514|0.04261315553687458
20130513|0.026260803044767453
20130510|0.016535108916907813
20130509|0.0356991115573501
20130508|0.028336895026659727
20130507|0.03149049502398868
20130506|0.026154174434269588
20130503|0.023986807396330086
20130502|0.023385486596188276
20130426|0.018809253930648702
20130425|0.02548467811376185
20130424|0.018134869703583658
20130423|0.03197547552104102
20130422|0.004792406753942513
20130419|-0.0015348324885637904
20130418|0.02480149915755559
20130417|0.014008288885011082
20130416|-0.004046606103776551
20130415|0.0043039734604717415
20130412|0.0023406733731040344
20130411|0.007144425306189645
20130410|-0.014419937319665357
20130409|0.016566041222287928
20130408|0.024886957443254334
20130403|-0.0075279428977989594
20130402|-0.01122832249634113
20130401|-0.013474721310515338
20130329|-0.023351928573117554
20130328|-0.014880154539147351
20130327|-0.040895209267939596
20130326|-0.03485019708355177
20130325|-0.047325835971646045
20130322|-0.055764638843100206
20130321|-0.05026447540103427
20130320|-0.04742327522992716
20130319|-0.0126371382960735
20130318|-0.0029610472436885356
20130315|-0.015973633327335625
20130314|0.019436343282669254
20130313|0.01881869968814874
20130312|0.022492433328181446
20130311|0.010004736974477487
20130308|0.0030921464237394043
20130307|-0.0035522330967340593
20130306|-0.0472058356306425
20130305|-0.04587222773158675
20130304|-0.0022948366176104153
20130301|-0.05042010824194505
20130228|-0.05455411926786373
20130227|-0.01505466769081483
20130226|0.009649886372266672
20130225|0.0007550979669553844
20130222|0.008809583594571988
20130221|0.015189525268439799
20130220|-0.02953709990435276
20130219|-0.05208917465927618
20130218|-0.025072411726005578
20130208|-0.0355006358855946
20130207|-0.05985535550587519
20130206|-0.07502186722308611
20130205|-0.06014954855818237
20130204|-0.05510278643449047
20130201|-0.04839931411674308
20130131|0.0058629295964616815
20130130|-0.001154828466131006
20130129|0.02302245329175677
20130128|0.04519916752863933
20130125|0.0731803486756097
20130124|0.07476086581963831
20130123|0.06298054502166098
20130122|0.0581963558060423
20130121|0.050720480080033735
20130118|0.03523219000716265
20130117|0.053257300535342555
20130116|0.03832769648891071
20130115|0.021575541940693013
20130114|-0.002347418751030436
20130111|0.04007884891854564
20130110|0.03038328534017455
20130109|0.02801602137027208
20130108|0.033883888442302675
20130107|0.0234441449771981
20130104|0.011229955209318182
20121231|0.021458989310934123
20121228|0.046695448356060806
20121227|0.05445934989613811
20121226|0.01042106201164618
20121225|0.033562394956696114
20121224|0.06085501657345807
20121221|0.06464075494034152
20121220|0.06338811883180939
20121219|0.06465329092842217
20121218|0.06538182186713526
20121217|0.04789326910888586
20121214|0.03766302398482098
20121213|0.09586223348873085
20121212|0.07965015806297568
20121211|0.054335620987381046
20121210|0.044453524939609385
20121207|0.061448122783193615
20121206|0.07601508802406245
20121205|0.07257737972840878
20121204|0.11035889265310884
20121203|0.11713256040021808
20121130|0.048126315336868855
20121129|0.07188766143776264
20121128|0.06074646304342412
20121127|0.05598710708171245
20121126|0.03270731416956889
20121123|0.004982952337691447
20121122|0.013929441674251813
20121121|-0.028895674328077606
20121120|-0.02588179211698008
20121119|-0.016241031547344034
20121116|-0.02827616615531584
20121115|-0.02938608867613076
20121114|-0.03259937654906874
20121113|-0.01665175100793689
20121112|-0.026277084421328627
20121109|-0.028282083640498366
20121108|-0.02249438297322755
20121107|-0.05360600304698798
20121106|-0.0511389464995729
20121105|-0.054147045024067426
20121102|-0.049051619274363176
20121101|-0.032540371924779446
20121031|-0.018795291863652135
20121030|0.005342245707586335
20121029|0.002267589923134589
20121026|-0.0011130353702354912
20121025|-0.0016296859472101877
20121024|-0.0067480464983864855
20121023|-0.004410320244524778
20121022|-0.014869370923713529
20121019|-0.014828057809961024
20121018|-0.03478352811144498
20121017|-0.0264781469773813
20121016|-0.027112100887578854
20121015|-0.020458791114217497
20121012|-0.005767767931956618
20121011|0.0022783603970062947
20121010|-0.005180462085170395
20121009|0.0092385989396407
20121008|0.027495381167143913
20120928|0.018739212230049547
20120927|0.021799364662610704
20120926|0.05184286081090531
20120925|0.038324478746729854
20120924|0.040177999165882744
20120921|0.0470518579958827
20120920|0.0583646902868052
20120919|0.03290883059482631
20120918|0.015575515638372476
20120917|0.015230408574825086
20120914|-0.027563741016142146
20120913|-0.0494113234899351
20120912|-0.04737656735505074
20120911|-0.04168623939720307
20120910|-0.05484371198960231
20120907|-0.05231706311855928
20120906|0.012811211715272145
20120905|0.01607545883288825
20120904|0.024631567582574256
20120903|0.03911964311117224
20120831|0.04244834611414373
20120830|0.049155500888589436
20120829|0.043830317128210325
20120828|0.0394275224701809
20120827|0.03993126302618607
20120824|-0.025422764302666972
20120823|-0.04444620121892159
20120822|-0.03971926993804616
20120821|-0.03688200257336392
20120820|-0.042106397287673784
20120817|-0.044135318455864776
20120816|-0.04520298145856963
20120815|-0.03997400943123103
20120814|-0.05465045633971084
20120813|-0.03242186951913126
20120810|-0.04065088419590204
20120809|-0.04814612099349009
20120808|-0.03184038798306972
20120807|-0.03645442851085011
20120806|-0.030237536631076804
20120803|-0.014473579673514928
20120802|-0.0013992141787037974
20120801|-0.0006931928462497265
20120731|0.008148150688278483
20120730|0.027381707197512827
20120727|0.026645007381525088
20120726|0.018022243351190823
20120725|0.012198723519469427
20120724|0.0040484143044251355
20120723|-0.004943707933141977
20120720|-0.02650581311719414
20120719|-0.02708839832332515
20120718|-0.03372067256615176
20120717|-0.03247782599708968
20120716|-0.021095281096089536
20120713|-0.04208912554429814
20120712|-0.0363786914891141
20120711|-0.02044053938617362
20120710|-0.01714999671750521
20120709|-0.007276795544437306
20120706|-0.019530747621747637
20120705|-0.006597760834769955
20120704|-0.020575929675579543
20120703|-0.02794564472858609
20120702|-0.005924377281219914
20120629|-0.005049942882956388
20120628|-6.472281116303513e-05
20120627|-0.01654506485997235
20120626|-0.01583720821291161
20120625|0.0065523639558106245
20120621|-0.03256726713995986
20120620|-0.03435384396604105
20120619|-0.03513611433658994
20120618|-0.044930056113174806
20120615|-0.04144850536632018
20120614|-0.05260541137570736
20120613|-0.05170857106542721
20120612|-0.03356575799018806
20120611|-0.039771876642959135
20120608|-0.0048107833804548585
20120607|0.004101591387562694
20120606|0.00047704681432448595
20120605|0.008742235745700551
20120604|0.003527904757513307
20120601|-0.027564396175006674
20120531|-0.019530843352803622
20120530|-0.038633623211662124
20120529|-0.0349279892442209
20120528|-0.034558603336763825
20120525|-0.012016230986478143
20120524|-0.014587748433683089
20120523|-0.022174208949702887
20120522|-0.026069780496855502
20120521|0.01768956850006815
20120518|0.022558873897814045
20120517|0.010832681061783239
20120516|0.02959900910687946
20120515|-0.0010258373468980534
20120514|-0.01622269104511738
20120511|-0.015797615169533093
20120510|-0.015183195632719006
20120509|-0.011284606590971875
20120508|-0.04499069069024721
20120507|-0.05291160646675324
20120504|-0.037533704557529954
20120503|-0.04342196485403408
20120502|-0.024636974205576655
20120427|-0.00404507422823542
20120426|0.002063472097715032
20120425|0.011890372773696839
20120424|0.020211404348630654
20120423|0.03955352915038076
20120420|0.03461917536628619
20120419|0.04615578400465932
20120418|0.03523586219204684
20120417|0.05570830758142695
20120416|0.020245574667721408
20120413|0.019776752462938654
20120412|0.021612675826202105
20120411|0.03366221752387661
20120410|0.03422907006462449
20120409|0.052779677020903686
20120406|0.03025045340360267
20120405|0.03465253546596033
20120330|0.03543282228718979
20120329|0.053587991103186836
20120328|0.042649804032486194
20120327|0.009144755516278481
20120326|-0.013855137389148316
20120323|-0.012985812435858283
20120322|-0.034291670198359075
20120321|-0.0262629197930438
20120320|-0.02770923737978571
20120319|-0.06658294084477911
20120316|-0.06876181618588771
20120315|-0.04279405587833275
20120314|-0.022249766420253222
20120313|-0.04685847793029129
20120312|-0.038224051971027746
20120309|-0.03023493582934678
20120308|-0.018210093288883695
20120307|-0.007130220648827007
20120306|0.003418856245507447
20120305|-0.01471364758601985
20120302|-0.03522027034994159
20120301|-0.01072362337635197
20120229|0.01781604111849654
20120228|-0.003027647708156
20120227|0.0029093873949634624
20120224|-0.004617039845287873
20120223|-0.0012473832194534033
20120222|0.009076503498011155
20120221|0.03912071753120931
20120220|0.05479894171147707
20120217|0.037940771420440625
20120216|0.03866961295293432
20120215|0.044264076777323025
20120214|0.05331494659029133
20120213|0.04582814799953064
20120210|0.028667237127529607
20120209|0.026982509703542257
20120208|0.013533942242733708
20120207|0.033667025501697735
20120206|0.013082982140475412
20120203|0.011964454588622086
20120202|0.025487905823979903
20120201|0.03833397694683471
20120131|0.027481272268348306
20120130|0.029627101011086187
20120120|0.010041588028526352
20120119|0.0242615512386817
20120118|0.014765569491067927
20120117|0.017768423242939427
20120116|0.06839940673135676
20120113|0.038383951445370615
20120112|-0.002556238268508873
20120111|0.011763797786835993
20120110|0.005463462710058777
20120109|0.05721426852489038
20120106|0.07759928507845748
20120105|0.06405067684069242
20120104|0.07040686841953005
20111230|-3.964630381359158e-05
20111229|0.03589789738599897
20111228|0.0551538002918636
20111227|0.05664686219515119
20111226|0.047800190263997684
20111223|0.003989133415763862
20111222|-0.02166883423346079
20111221|-0.026814922611525398
20111220|-0.032948083630582534
20111219|-0.016216184478495172
20111216|-0.032955543403724245
20111215|-0.014038007713641784
20111214|-0.03855923719905908
20111213|-0.035602214434120115
20111212|-0.047840086661296036
20111209|-0.06476074522431137
20111208|-0.0736209609421937
20111207|-0.05978693377337811
20111206|-0.052430493323440665
20111205|-0.05205710353635018
20111202|-0.0846682315916993
20111201|-0.07204368456111648
20111130|-0.03949681144706371
20111129|-0.05017195251496125
20111128|-0.027147798506288227
20111125|-0.017499016526632674
20111124|-0.023441094049051397
20111123|-0.02618796901406382
20111122|-0.033757748206056655
20111121|-0.020069839793047883
20111118|-0.008778839015612945
20111117|-0.052778400738988464
20111116|-0.023050309424759084
20111115|-0.06243314339012196
20111114|-0.06553062601015572
20111111|-0.039364349265789036
20111110|-0.042812829216902805
20111109|-0.05167037716224499
20111108|-0.04326816267125176
20111107|-0.047420043797199725
20111104|-0.036808375299322106
20111103|-0.027032384567144765
20111102|0.0008350380507513386
20111101|0.019521904079800312
20111031|-0.00011315965120108259
20111028|-0.003480598312967262
20111027|0.03543811087053211
20111026|0.02868325104500892
20111025|0.042211451479284255
20111024|0.07260420333383924
20111021|0.09427256599905019
20111020|0.0880203068241148
20111019|0.04430871505771595
20111018|0.03977225601793681
20111017|0.015773068196603464
20111014|0.0013927293198913522
20111013|-0.004112144478275216
20111012|-0.0073099315702985414
20111011|0.009668909879882056
20111010|-0.019242636724203576
20110930|-0.023560918294335004
20110929|-0.0019720383202900156
20110928|-0.007040937106171521
20110927|0.011020975564080125
20110926|0.01641682488043493
20110923|-0.0025761590842853744
20110922|-0.015240042774886841
20110921|-0.07903866134057203
20110920|-0.04935711909050519
20110919|-0.03654689523638897
20110916|-0.05332944158110486
20110915|-0.043407396930288146
20110914|-0.03484275045113485
20110913|-0.04020317003782328
20110909|-0.02966709619260685
20110908|-0.025549462012514006
20110907|-0.0029070667016901854
20110906|-0.012285816157805461
20110905|-0.023524528057082533
20110902|-0.024918201874990546
20110901|-0.03721386400238485
20110831|-0.039928677212397345
20110830|-0.0427403632985424
20110829|-0.0356539817422058
20110826|-0.05001730308946314
20110825|-0.04295936720966082
20110824|-0.03085854315420275
20110823|-0.027361190328404523
20110822|0.009384088844825039
20110819|0.00957058964320504
20110818|0.004418093791170422
20110817|-0.015340540739075028
20110816|-0.015451509379720509
20110815|-0.005712017925324599
20110812|0.009902047218353222
20110811|-0.019849846037076638
20110810|-0.0011037066413607547
20110809|-0.007291499147663399
20110808|0.004927525961050203
20110805|-0.02179976164977289
20110804|-0.025097380037016497
20110803|-0.019387993380419362
20110802|-0.013022669931466932
20110801|-0.03437393899562794
20110729|-0.03538095723565901
20110728|-0.05262727096459515
20110727|-0.06728616703977133
20110726|-0.06174729646318755
20110725|-0.023876381309232454
20110722|-0.03509665138519254
20110721|-0.03408442702342072
20110720|-0.04372669264486268
20110719|-0.037931909050522995
20110718|-0.048203740472682936
20110715|-0.047265019628372935
20110714|-0.03713172932958241
20110713|-0.04136213250266311
20110712|-0.028988797492889042
20110711|-0.01452554055208682
20110708|-0.01609554664360376
20110707|-0.0032604910887002623
20110706|-0.005969402436705767
20110705|3.202562049636799e-05
20110704|0.0022130186612342507
20110701|0.021641153604645635
20110630|0.020419245298018522
20110629|0.018910934684012913
20110628|0.02349712368011148
20110627|0.023939474874122797
20110624|0.02451221647117892
20110623|0.05277301514152048
20110622|0.07354717865956681
20110621|0.07318723180889589
20110620|0.06081924354828825
20110617|0.052532417845919076
20110616|0.02830806922728369
20110615|0.02653116530250718
20110614|0.014341457776512767
20110613|0.0261399672174265
20110610|-0.001452767990622298
20110609|-0.014670944605301975
20110608|-0.03309754667538824
20110607|-0.043060824921395
20110603|-0.03154085473600038
20110602|-0.01289946053479625
20110601|-0.01366565773675472
20110531|-0.002664284790955039
20110530|-0.0014073418703498663
20110527|-0.0004643459269168793
20110526|-0.008894765310415201
20110525|0.006122709000271941
20110524|-0.00725690076375726
20110523|-0.012117513182356435
20110520|-0.053143007615335254
20110519|-0.037321202484491264
20110518|-0.043901357561479476
20110517|-0.051835862835635606
20110516|-0.044236941385851145
20110513|-0.04786046962158734
20110512|-0.03587177340233428
20110511|-0.03779293723381088
20110510|-0.04130411411061895
20110509|-0.0026081880425936985
20110506|-0.00024251969311169162
20110505|0.004242323623843802
20110504|-0.004154644829001211
20110503|-0.03446417026768126
20110429|-0.020242908639427883
20110428|-0.019031392483211895
20110427|-0.02007102034177881
20110426|-0.024060650704434604
20110425|-0.03687098678165201
20110422|-0.054105799435262746
20110421|-0.05765114321086572
20110420|-0.05058927263470195
20110419|-0.025693213083755943
20110418|-0.04962586003968525
20110415|-0.05869940076404969
20110414|-0.042956440320137346
20110413|-0.041835617762707375
20110412|-0.02320478325679769
20110411|-0.010045217729381842
20110408|-0.010732823635293334
20110407|-0.008621356092598453
20110406|-0.004607276143913762
20110401|0.026494402683509784
20110331|0.042086217551767
20110330|0.02993783936512617
20110329|0.03500697825246883
20110328|0.011001130198983786
20110325|0.011820667515762776
20110324|0.031370555284387154
20110323|0.0182218525014043
20110322|0.027336973671105616
20110321|0.020460476877936735
20110318|0.002364348498064974
20110317|0.018447968471427236
20110316|0.003012134431584203
20110315|0.02703216424919034
20110314|0.009673543942235742
20110311|0.0012271446238438888
20110310|-0.004674326021207497
20110309|-0.034711569045464165
20110308|-0.039055784089502804
20110307|-0.035634920872931936
20110304|-0.022492666631199962
20110303|0.008218286020067652
20110302|-0.01212870356038822
20110301|0.0024661332953187843
20110228|0.0024129827547514976
20110225|0.02584487135263536
20110224|0.04635725892254158
20110223|0.051252983707022394
20110222|0.054031226668032284
20110221|0.003916009905743276
20110218|0.0030642527918262235
20110217|-0.0008037815008256177
20110216|0.001959657407803594
20110215|0.006802435674747473
20110214|-0.006686872872686873
20110211|0.02242229624512483
20110210|0.022736885917395505
20110209|0.040325898263995845
20110201|0.05869625900510288
20110131|0.044000535672262316
20110128|0.06888055757252444
20110127|0.07337303640615826
20110126|0.08032417067912595
20110125|0.09544812012574465
20110124|0.05643564892669234
20110121|0.04045878337069488
20110120|0.032680943779580515
20110119|0.010651424322569408
20110118|0.03320070068725372
20110117|0.02097433052599735
20110114|-0.021151008680206355
20110113|-0.05184281332092229
20110112|-0.06481895480974828
20110111|-0.054622163369197715
20110110|-0.040129824878618874
20110107|-0.07007810210495456
20110106|-0.03633068672631684
20110105|-0.06235361319938951
20110104|-0.06750892408710332
20101231|-0.01163553808329928
20101230|0.025190447564013993
20101229|0.02629375242910288
20101228|0.0262702176174107
20101227|0.002735095455734737
20101224|0.001159991210750665
20101223|-0.009083590420519035
20101222|-0.012374928198297462
20101221|-0.018411089183012024
20101220|-0.015854494523945235
20101217|-0.05008678841328958
20101216|-0.05226013839256006
20101215|-0.06241847936534908
20101214|-0.05192425448252542
20101213|-0.03008407386430374
20101210|0.0084219461431883
20101209|0.02948325620500447
20101208|0.024473482935367694
20101207|-0.006774907283259614
20101206|0.018982679264713746
20101203|0.022959283835250702
20101202|0.029344934595517732
20101201|0.04255388351619767
20101130|0.03955262776200716
20101129|-0.00880017554583794
20101126|-0.02237567737858364
20101125|-0.016008145224235597
20101124|0.007332604563425746
20101123|0.01879327080281266
20101122|-0.004345919422839156
20101119|-0.00748290417340123
20101118|-0.0037922948243975315
20101117|0.01065721706778497
20101116|0.006471605640948356
20101115|-0.03621233023207686
20101112|-0.020763203965693325
20101111|-0.09485309724428231
20101110|-0.11200987908071507
20101109|-0.09989148553017445
20101108|-0.10418856518379532
20101105|-0.10589531123341919
20101104|-0.10820240166297711
20101103|-0.07332689927700188
20101102|-0.042804618133128615
20101101|-0.052163046592350354
20101029|0.038459365032309255
20101028|0.02984938010861487
20101027|0.035278059809534655
20101026|0.02379688432248035
20101025|0.011409386911709219
20101022|0.030145131716615016
20101021|0.01352896640723503
20101020|0.019503785680914733
20101019|0.028830094375226965
20101018|0.022328925399859752
20101015|0.02103836212764257
20101014|0.055745718238041767
20101013|0.07723420449611605
20101012|0.09718929400143599
20101011|0.07844501651028848
20101008|0.10855016682363004
20100930|0.1571430323337105
20100929|0.17422426231697938
20100928|0.14761080451399497
20100927|0.14549045809869712
20100921|0.12831743818670735
20100920|0.1290425246716645
20100917|0.10881399777519081
20100916|0.09626532959571184
20100915|0.04498121306030433
20100914|-0.009927457218510955
20100913|-0.02954003265684758
20100910|-0.01761161090298761
20100909|-0.007323182274830355
20100908|-0.04142649012887428
20100907|-0.04467823491472658
20100906|-0.03822438985039108
20100903|-0.02137384190493466
20100902|-0.002806537839996217
20100901|0.028074140390465917
20100831|0.020367609675983733
20100830|0.00601850422468529
20100827|0.02375106959223619
20100826|0.04591920333827712
20100825|0.04927325596732775
20100824|0.021726222059208846
20100823|0.008291232073011707
20100820|0.007956297637297006
20100819|-0.02414330402535027
20100818|-0.011634248689810781
20100817|-0.009272026458293876
20100816|-0.021736891115002648
20100813|-0.0019099668119628842
20100812|0.00945786550565163
20100811|0.02161804862868063
20100810|0.02243632966866931
20100809|-0.006821917723724635
20100806|0.019925049841958586
20100805|0.03035362696254314
20100804|0.022895362799911268
20100803|0.01957870473916173
20100802|-0.02115947245288842
20100730|-0.018286098312701355
20100729|-0.009647404981834569
20100728|-0.010855096371019078
20100727|0.043822995402979625
20100726|0.030808361985091105
20100723|0.02067720319819445
20100722|0.03421007404488432
20100721|0.04318221112459892
20100720|0.064115195204966
20100719|0.06947845121962122
20100716|0.10008990385791519
20100715|0.09783520840752949
20100714|0.053555365541796185
20100713|0.06697884644800924
20100712|0.04366535162681074
20100709|0.0506901126665217
20100708|0.06654474263768191
20100707|0.06240164124694787
20100706|0.046654144403492664
20100705|0.04118240058010457
20100702|0.029365002634065974
20100701|0.05048868380975832
20100630|0.02790520742703074
20100629|0.032483943983435334
20100628|-0.025645461515612148
20100625|-0.05860715633995995
20100624|-0.06419623876427115
20100623|-0.07090569314064367
20100622|-0.09737653212248358
20100621|-0.08866878151002117
20100618|-0.06308773272862288
20100617|-0.06550510020479573
20100611|-0.060476659613043986
20100610|-0.012089353434498582
20100609|-0.016478723339250857
20100608|0.02154678039340055
20100607|0.023288812059138204
20100604|0.014330683929512858
20100603|0.016295965462947662
20100602|-0.022252184656759436
20100601|-0.0005207418512462575
20100531|-0.005191716331369872
20100528|-0.035181885989624954
20100527|-0.027219080979265935
20100526|-0.0407286001427179
20100525|-0.0420150656925176
20100524|-0.04492061685718551
20100521|-0.011815626387112694
20100520|0.011557133434726538
20100519|-0.0065209505266504465
20100518|0.0006913603055264685
20100517|0.04994520603451927
20100514|-0.00280471948795401
20100513|-0.025275112395221084
20100512|-0.0014963664234818618
20100511|0.02593957405999751
20100510|-0.03129276024732763
20100507|-0.039046612208380765
20100506|-0.04649247321924191
20100505|-0.0872897259051361
20100504|-0.10092371157784083
20100430|-0.06498802718294029
20100429|-0.056584764240224975
20100428|-0.090139225332082
20100427|-0.09895480292329616
20100426|-0.09891686530598852
20100423|-0.11072528771916514
20100422|-0.09516823304777292
20100421|-0.06187978480411567
20100420|-0.04850515571123975
20100419|-0.03433358844209351
20100416|-0.08827136290450409
20100415|-0.08755767292155069
20100414|-0.08675776146419177
20100413|-0.06478107247186972
20100412|-0.048180235704963575
20100409|-0.05256586676609934
20100408|-0.03288718826417558
20100407|-0.06305822733085154
20100406|-0.06716953316231768
20100402|-0.014971769817330005
20100401|0.0007780219845015084
20100331|0.017366056443569106
20100330|0.0074280276162945556
20100329|-0.002102699387233708
20100326|0.03180700347663914
20100325|0.036423455496344515
20100324|0.03365613066196195
20100323|0.039557048491973806
20100322|0.03170747659136901
20100319|0.029771657724300633
20100318|0.023886973593405508
20100317|0.028342816370365002
20100316|0.04824294601917432
20100315|0.028845027131647775
20100312|-0.0012365741390839846
20100311|-1.0986646646572765e-05
20100310|-0.0012565196631149414
20100309|-0.0009785644474679298
20100308|0.002341017437278264
20100305|0.002390050322661307
20100304|0.007181195438465866
20100303|-0.03931238851470178
20100302|-0.03867226618700687
20100301|-0.02746251003557597
20100226|-0.0015117321506820742
20100225|-0.0037768883834408008
20100224|0.01891826833427688
20100223|0.027369183220087034
20100222|0.008170795260017204
20100212|-0.00021683780962437763
20100211|0.035611436847246825
20100210|0.030212219169728594
20100209|0.04898191651494537
20100208|0.041472071616902494
20100205|0.044096785150552514
20100204|0.007978434212480307
20100203|-0.009930000015476491
20100202|0.027702086556147757
20100201|0.031265512462781954
20100129|0.005069355259030833
20100128|0.002357659430481775
20100127|-0.00918411563181743
20100126|-0.028311670449923384
20100125|-0.05256197840513896
20100122|-0.04378680154488878
20100121|-0.05217988519539254
20100120|-0.0731329582487096
20100119|-0.10114806006132036
20100118|-0.08470601745258927
20100115|-0.07929623187273911
20100114|-0.07797089175108701
20100113|-0.05213080770642796
20100112|-0.058530952362092915
20100111|-0.03327204763168385
20100108|-0.020561300870944488
20100107|-0.022187232100882148
20100106|-0.009669011756129112
20100105|-0.01777590474624564
20100104|-0.014847977316320949
20091231|-0.029821706839866235
20091230|-0.038695850943153996
20091229|0.00976337268409483
20091228|0.0010404110126600518
20091225|0.016160731935424874
20091224|0.009491345424894701
20091223|0.06151602886874785
20091222|0.07820046509756487
20091221|0.04080730796656207
20091218|0.05423448471062747
20091217|0.022615097669556536
20091216|-0.016846578630238824
20091215|-0.029276588524508245
20091214|-0.05202957412255979
20091211|-0.0380985281201224
20091210|-0.06730250190300505
20091209|-0.07003419348776387
20091208|-0.06274718758372955
20091207|-0.07552730678319415
20091204|-0.04483008191868738
20091203|-0.008397115355696004
20091202|-0.0038884405624284805
20091201|0.01458142776222742
